"Selection"	"View"	"Channel"	"Begin.Time..s."	"End.Time..s."	"Low.Freq..Hz."	"High.Freq..Hz."	"Delta.Time..s."	"BW.90...Hz."	"Center.Freq..Hz."	"Center.Time..s."	"Dur.90...s."	"Freq.5...Hz."	"Freq.95...Hz."	"Peak.Freq.Contour..Hz."	"Occupancy"	"Frame.Duration"	"Reason"
1	"Spectrogram 1"	1	1.827	2.711	425.4	1154.7	0.885	258.4	689.1	2.56	0.7	602.9	861.3	"689.1;689.1;689.1;796.7;818.3;624.5;602.9;602.9;602.9;602.9;602.9;624.5;624.5;624.5;624.5;624.5;624.5;624.5;624.5;624.5;624.5;624.5;624.5;624.5;624.5;624.5;624.5;624.5;624.5;624.5;624.5;624.5;624.5;624.5;624.5;624.5;624.5;624.5;624.5;624.5;624.5;624.5;624.5;624.5;624.5;624.5;624.5;624.5;624.5;624.5;624.5;624.5;624.5;624.5;624.5;646.0;624.5;624.5;624.5;624.5;624.5;624.5;646.0;646.0;624.5;624.5;624.5;624.5;624.5;624.5;624.5;646.0;646.0;646.0;646.0;646.0;646.0;646.0;646.0;667.5;667.5;646.0;646.0;646.0;646.0;646.0;646.0;646.0;646.0;624.5;624.5;624.5;624.5;624.5;646.0;646.0;646.0;646.0;646.0;646.0;667.5;667.5;646.0;646.0;667.5;667.5;667.5;667.5;667.5;667.5;667.5;667.5;667.5;667.5;689.1;667.5;689.1;689.1;667.5;667.5;667.5;689.1;689.1;689.1;689.1;689.1;689.1;689.1;667.5;646.0;689.1;710.6;732.1;732.1;732.1;732.1;753.7;775.2;775.2;796.7;796.7;818.3;861.3;861.3;861.3;818.3;710.6;775.2;796.7;796.7;839.8;839.8"	NA	NA	NA
2	"Spectrogram 1"	1	2.868	3.553	442.8	1241.5	0.685	301.5	732.1	3.431	0.5	624.5	925.9	"667.5;689.1;818.3;839.8;818.3;796.7;775.2;624.5;602.9;602.9;624.5;602.9;602.9;602.9;602.9;602.9;602.9;602.9;602.9;602.9;602.9;624.5;624.5;624.5;624.5;624.5;624.5;624.5;624.5;624.5;624.5;624.5;624.5;624.5;624.5;624.5;646.0;646.0;624.5;646.0;667.5;646.0;646.0;624.5;624.5;646.0;646.0;667.5;646.0;646.0;646.0;646.0;667.5;667.5;667.5;646.0;646.0;646.0;646.0;646.0;667.5;689.1;667.5;646.0;646.0;667.5;667.5;689.1;667.5;667.5;689.1;689.1;667.5;667.5;667.5;689.1;689.1;689.1;689.1;689.1;689.1;689.1;689.1;710.6;710.6;689.1;710.6;710.6;710.6;710.6;710.6;710.6;732.1;732.1;732.1;732.1;753.7;753.7;753.7;775.2;775.2;796.7;796.7;818.3;861.3;861.3;882.9;925.9;947.5;947.5;775.2;796.7;839.8;839.8;882.9;904.4;904.4"	NA	NA	NA
3	"Spectrogram 1"	1	3.696	4.324	425.4	1267.6	0.628	323	753.7	4.127	0.3	646	969	"882.9;775.2;818.3;818.3;818.3;775.2;775.2;646.0;624.5;796.7;646.0;646.0;624.5;624.5;646.0;624.5;624.5;624.5;624.5;624.5;624.5;646.0;646.0;646.0;667.5;646.0;646.0;646.0;646.0;646.0;646.0;646.0;646.0;667.5;667.5;667.5;667.5;667.5;646.0;667.5;667.5;667.5;689.1;667.5;667.5;689.1;689.1;667.5;667.5;689.1;689.1;689.1;689.1;689.1;689.1;689.1;689.1;710.6;710.6;710.6;710.6;710.6;710.6;710.6;710.6;710.6;710.6;732.1;732.1;732.1;732.1;753.7;753.7;753.7;753.7;775.2;775.2;796.7;818.3;839.8;861.3;861.3;904.4;925.9;947.5;969.0;969.0;796.7;839.8;861.3;882.9;904.4;904.4;689.1;689.1;839.8;861.3;904.4;732.1;796.7;796.7;689.1;969.0;925.9;882.9;947.5;925.9;796.7"	NA	NA	NA
4	"Spectrogram 1"	1	4.424	4.754	400	1600	0.33	387.6	775.2	4.685	0.2	646	1033.6	"646.0;646.0;646.0;646.0;646.0;646.0;646.0;646.0;646.0;646.0;646.0;646.0;667.5;646.0;667.5;667.5;667.5;667.5;667.5;667.5;667.5;689.1;689.1;689.1;689.1;689.1;689.1;689.1;689.1;689.1;689.1;689.1;689.1;710.6;710.6;710.6;710.6;732.1;732.1;732.1;732.1;753.7;753.7;775.2;775.2;796.7;818.3;818.3;861.3;882.9;904.4;947.5;969.0;1033.6;1055.1;1033.6;839.8"	1	NA	NA
5	"Spectrogram 1"	1	5.004	5.23	400	1600	0.226	366.1	775.2	5.137	0.2	667.5	1033.6	"689.1;689.1;689.1;689.1;689.1;689.1;689.1;689.1;689.1;689.1;689.1;710.6;710.6;710.6;710.6;710.6;732.1;732.1;732.1;732.1;732.1;753.7;753.7;775.2;775.2;796.7;818.3;839.8;861.3;882.9;947.5;969.0;1055.1;1076.7;1119.7;1119.7;839.8;861.3;904.4;904.4"	1	NA	NA
6	"Spectrogram 1"	1	5.416	5.619	400	1600	0.203	387.6	775.2	5.521	0.2	689.1	1076.7	"689.1;689.1;689.1;689.1;710.6;710.6;710.6;732.1;732.1;732.1;732.1;732.1;732.1;753.7;753.7;753.7;775.2;775.2;775.2;796.7;796.7;796.7;839.8;839.8;861.3;904.4;947.5;969.0;1055.1;1098.2;1119.7;1098.2;861.3;882.9;904.4;753.7"	1	NA	NA
7	"Spectrogram 1"	1	5.811	5.95	400	1600	0.139	452.2	882.9	5.892	0.1	732.1	1184.3	"732.1;732.1;732.1;753.7;775.2;775.2;775.2;775.2;796.7;796.7;818.3;839.8;861.3;882.9;904.4;947.5;990.5;1076.7;1119.7;1162.8;1205.9;1184.3;1184.3;925.9"	1	NA	NA
8	"Spectrogram 1"	1	6.113	6.229	400	1600	0.116	473.7	947.5	6.176	0.1	753.7	1227.4	"732.1;753.7;753.7;775.2;796.7;796.7;818.3;861.3;861.3;882.9;925.9;969.0;969.0;1076.7;1141.3;1184.3;1227.4;1270.5;1248.9;925.9;1033.6"	1	NA	NA
9	"Spectrogram 1"	1	6.374	6.473	400	1600	0.099	495.3	1012.1	6.42	0.1	753.7	1248.9	"753.7;753.7;775.2;796.7;839.8;882.9;925.9;969.0;1055.1;1141.3;1184.3;1227.4;1248.9;839.8;1313.5;1033.6;1055.1;1033.6"	1	NA	NA
10	"Spectrogram 1"	1	6.589	6.67	400	1600	0.081	452.2	1033.6	6.623	0.1	796.7	1248.9	"796.7;818.3;818.3;861.3;904.4;969.0;1076.7;1141.3;1184.3;1227.4;1248.9;1313.5;1335.1;1033.6;1055.1"	1	NA	NA
11	"Spectrogram 1"	1	6.774	6.832	400	1600	0.058	452.2	1033.6	6.803	0	796.7	1248.9	"818.3;861.3;904.4;904.4;969.0;1098.2;1141.3;1205.9;1248.9;1248.9;1248.9"	1	NA	NA
12	"Spectrogram 1"	1	6.943	6.995	400	1600	0.052	473.7	1033.6	6.972	0	775.2	1248.9	"796.7;796.7;882.9;925.9;969.0;1119.7;1162.8;1205.9;1248.9;1248.9"	1	NA	NA
13	"Spectrogram 1"	1	7.099	7.152	400	1600	0.052	430.7	1119.7	7.129	0	818.3	1248.9	"796.7;796.7;882.9;947.5;969.0;1141.3;1184.3;1227.4;1270.5;1033.6"	1	NA	NA
14	"Spectrogram 1"	1	7.256	7.314	400	1600	0.058	387.6	1162.8	7.279	0	904.4	1292	"925.9;925.9;1033.6;1119.7;1184.3;1227.4;1248.9;1356.6;1335.1;1227.4;1270.5"	0.8	NA	NA
15	"Spectrogram 1"	1	7.401	7.442	400	1600	0.041	473.7	1162.8	7.425	0	839.8	1313.5	"818.3;882.9;1076.7;1119.7;1184.3;1248.9;1270.5;1055.1"	1	NA	NA
16	"Spectrogram 1"	1	7.541	7.587	400	1600	0.046	452.2	1184.3	7.57	0	839.8	1292	"861.3;861.3;904.4;1098.2;1141.3;1205.9;1248.9;1248.9;1055.1"	1	NA	NA
17	"Spectrogram 1"	1	7.697	7.726	400	1600	0.029	193.8	1227.4	7.709	0	1098.2	1292	"1162.8;1227.4;1227.4;1248.9;1248.9;1248.9"	1	NA	NA
18	"Spectrogram 1"	1	7.814	7.86	400	1600	0.046	409.1	1162.8	7.843	0	861.3	1270.5	"861.3;861.3;882.9;1076.7;1141.3;1205.9;1248.9;1248.9;1248.9"	1	NA	NA
19	"Spectrogram 1"	1	7.947	7.996	400	1600	0.049	430.7	1141.3	7.97	0	839.8	1270.5	"882.9;925.9;925.9;1098.2;1141.3;1205.9;1248.9;1248.9;1227.4"	0.7368	NA	NA
20	"Spectrogram 1"	1	8.046	8.132	399.4	1528.1	0.086	473.7	1119.7	8.098	0	775.2	1248.9	"1248.9;1248.9;710.6;753.7;753.7;861.3;904.4;1076.7;1119.7;1205.9;1227.4;1227.4;1248.9;818.3"	NA	NA	NA
21	"Spectrogram 1"	1	8.173	8.258	399.4	1545.4	0.086	538.3	1098.2	8.22	0	753.7	1292	"1055.1;1227.4;1248.9;689.1;732.1;839.8;947.5;969.0;1162.8;1227.4;1248.9;1248.9;1205.9;1184.3;1205.9"	NA	NA	NA
22	"Spectrogram 1"	1	8.319	8.371	400	1600	0.052	516.8	1012.1	8.342	0	753.7	1270.5	"796.7;796.7;904.4;969.0;990.5;1184.3;1227.4;1270.5;1248.9;1270.5"	1	NA	NA
23	"Spectrogram 1"	1	8.44	8.493	400	1600	0.052	516.8	1098.2	8.464	0	753.7	1270.5	"796.7;818.3;818.3;990.5;1098.2;1184.3;1227.4;1248.9;1227.4"	1	NA	NA
24	"Spectrogram 1"	1	8.545	8.603	400	1600	0.058	538.3	1055.1	8.58	0	689.1	1227.4	"667.5;667.5;689.1;732.1;818.3;1012.1;1076.7;1119.7;1205.9;1227.4;1227.4"	1	NA	NA
25	"Spectrogram 1"	1	8.678	8.754	400	1600	0.075	495.3	1184.3	8.702	0	839.8	1335.1	"775.2;818.3;1033.6;1098.2;1184.3;1248.9;1313.5;1313.5;1313.5;1205.9;1292.0;1184.3;1119.7;1119.7"	0.7692	NA	NA
26	"Spectrogram 1"	1	8.795	8.841	400	1600	0.046	516.8	1055.1	8.818	0	732.1	1248.9	"710.6;710.6;796.7;947.5;1033.6;1119.7;1227.4;1270.5"	1	NA	NA
27	"Spectrogram 1"	1	8.911	8.98	400	1600	0.069	559.9	1098.2	8.934	0	753.7	1313.5	"732.1;839.8;990.5;990.5;1033.6;1119.7;1292.0;1313.5;1292.0;1184.3;1119.7;1227.4"	0.6571	NA	NA
28	"Spectrogram 1"	1	9.025	9.106	408.1	1562.8	0.081	495.3	1098.2	9.062	0	775.2	1270.5	"1205.9;710.6;732.1;839.8;990.5;1055.1;1141.3;1227.4;1227.4;1184.3;1184.3;1205.9;1184.3;1033.6"	NA	NA	NA
29	"Spectrogram 1"	1	9.166	9.207	400	1600	0.041	215.3	1270.5	9.183	0	1141.3	1356.6	"1184.3;1227.4;1270.5;1270.5;1335.1;1335.1;1313.5;1055.1"	1	NA	NA
30	"Spectrogram 1"	1	9.271	9.317	400	1600	0.046	538.3	1162.8	9.294	0	753.7	1292	"732.1;753.7;990.5;1076.7;1119.7;1227.4;1248.9;1248.9"	1	NA	NA
31	"Spectrogram 1"	1	9.368	9.444	703.3	1536.7	0.076	409.1	1141.3	9.41	0.1	882.9	1292	"1227.4;1184.3;1141.3;1119.7;1098.2;1076.7;1248.9;1270.5;1141.3;1141.3;1141.3;1205.9;1227.4"	NA	NA	NA
32	"Spectrogram 1"	1	9.514	9.543	400	1600	0.029	323	1162.8	9.526	0	969	1292	"1098.2;1162.8;1162.8;1248.9;1270.5;1227.4"	1	NA	NA
33	"Spectrogram 1"	1	9.63	9.659	400	1600	0.029	258.4	1205.9	9.642	0	1098.2	1356.6	"1141.3;1162.8;1205.9;1313.5;1335.1;1313.5"	1	NA	NA
34	"Spectrogram 1"	1	9.741	9.776	400	1600	0.035	366.1	1184.3	9.758	0	969	1335.1	"1076.7;1162.8;1162.8;1205.9;1292.0;1335.1;1227.4"	1	NA	NA
35	"Spectrogram 1"	1	9.851	9.886	400	1600	0.035	366.1	1119.7	9.868	0	861.3	1227.4	"796.7;947.5;969.0;1119.7;1162.8;1184.3"	1	NA	NA
36	"Spectrogram 1"	1	9.967	10.014	400	1600	0.047	387.6	1098.2	9.979	0	882.9	1270.5	"969.0;969.0;990.5;1184.3;1248.9;1248.9;1227.4;1205.9;1292.0"	0.82	NA	NA
37	"Spectrogram 1"	1	10.06	10.121	503.6	1545.4	0.061	409.1	1055.1	10.095	0	818.3	1227.4	"1227.4;1227.4;796.7;839.8;969.0;1033.6;1162.8;1184.3;1184.3;1162.8"	NA	NA	NA
38	"Spectrogram 1"	1	10.182	10.242	512.2	1562.8	0.061	409.1	1033.6	10.211	0	818.3	1227.4	"1162.8;775.2;796.7;796.7;969.0;1012.1;1184.3;1205.9;1205.9;969.0;904.4"	NA	NA	NA
39	"Spectrogram 1"	1	10.31	10.356	400	1600	0.047	366.1	1162.8	10.333	0	904.4	1270.5	"839.8;990.5;990.5;1098.2;1184.3;1227.4;1227.4;1205.9;1205.9"	0.7667	NA	NA
40	"Spectrogram 1"	1	10.41	10.467	503.6	1510.7	0.057	387.6	1076.7	10.443	0	839.8	1227.4	"1227.4;753.7;796.7;925.9;1012.1;1076.7;1184.3;1162.8;1162.8;1162.8"	NA	NA	NA
41	"Spectrogram 1"	1	10.53	10.617	400	1600	0.087	430.7	1076.7	10.553	0	796.7	1227.4	"775.2;818.3;990.5;990.5;1055.1;1098.2;1205.9;1184.3;1162.8;1184.3;990.5;947.5;1141.3;1141.3;1098.2"	0.9333	NA	NA
42	"Spectrogram 1"	1	10.664	10.693	400	1600	0.029	215.3	1162.8	10.675	0	1033.6	1248.9	"1162.8;1205.9;1205.9;1184.3;1119.7;1119.7"	1	NA	NA
43	"Spectrogram 1"	1	10.762	10.815	400	1600	0.052	452.2	969	10.78	0	753.7	1205.9	"882.9;882.9;969.0;1033.6;1184.3;969.0;839.8;1162.8;1141.3;1012.1"	0.7778	NA	NA
44	"Spectrogram 1"	1	10.873	10.919	400	1600	0.046	452.2	1033.6	10.89	0	775.2	1227.4	"882.9;1033.6;1033.6;1184.3;1184.3;1205.9;1184.3;1012.1;990.5"	1	NA	NA
45	"Spectrogram 1"	1	10.983	11.024	400	1600	0.041	430.7	1076.7	11	0	796.7	1227.4	"925.9;925.9;1012.1;1012.1;1184.3;1184.3;1184.3;1184.3"	1	NA	NA
46	"Spectrogram 1"	1	11.093	11.157	400	1600	0.064	409.1	1141.3	11.117	0	839.8	1248.9	"925.9;990.5;1141.3;1184.3;1184.3;1205.9;1227.4;1227.4;1184.3;1162.8;1184.3"	1	NA	NA
47	"Spectrogram 1"	1	11.209	11.244	400	1600	0.035	387.6	1033.6	11.221	0	839.8	1227.4	"882.9;969.0;990.5;1184.3;1184.3;1033.6;1184.3"	1	NA	NA
48	"Spectrogram 1"	1	11.32	11.355	400	1600	0.035	344.5	1076.7	11.331	0	882.9	1227.4	"969.0;969.0;1184.3;1184.3;1184.3;1162.8;1012.1"	1	NA	NA
49	"Spectrogram 1"	1	11.424	11.471	400	1600	0.046	387.6	1033.6	11.442	0	796.7	1184.3	"861.3;925.9;925.9;1012.1;1141.3;1141.3;1119.7;1119.7"	1	NA	NA
50	"Spectrogram 1"	1	11.64	11.693	659.8	1458.6	0.054	150.7	1076.7	11.668	0	990.5	1141.3	"1055.1;1033.6;1033.6;1076.7;1098.2;1098.2;1119.7;1141.3;1119.7"	NA	NA	NA
51	"Spectrogram 1"	1	11.755	11.79	400	1600	0.035	366.1	1033.6	11.773	0	775.2	1141.3	"796.7;904.4;947.5;1076.7;1098.2;1098.2"	1	NA	NA
52	"Spectrogram 1"	1	11.843	11.907	581.7	1449.9	0.064	323	1012.1	11.877	0	818.3	1141.3	"1055.1;1141.3;1141.3;861.3;904.4;1033.6;1055.1;1033.6;1012.1;969.0;969.0"	NA	NA	NA
53	"Spectrogram 1"	1	11.957	12.029	685.9	1510.7	0.071	258.4	1033.6	11.981	0	882.9	1141.3	"904.4;969.0;969.0;1012.1;1012.1;1076.7;1055.1;1055.1;1098.2;990.5;1033.6;1076.7;1098.2"	NA	NA	NA
54	"Spectrogram 1"	1	12.075	12.132	738	1319.7	0.057	258.4	1012.1	12.092	0	861.3	1119.7	"969.0;969.0;1055.1;1055.1;1055.1;1055.1;1033.6;1033.6;1055.1"	NA	NA	NA
