"Selection"	"View"	"Channel"	"Begin.Time..s."	"End.Time..s."	"Low.Freq..Hz."	"High.Freq..Hz."	"Delta.Time..s."	"BW.90...Hz."	"Center.Freq..Hz."	"Center.Time..s."	"Dur.90...s."	"Freq.5...Hz."	"Freq.95...Hz."	"Peak.Freq.Contour..Hz."	"Occupancy"	"Frame.Duration"	"Reason"
1	"Spectrogram 1"	1	0.232	1.086	400	1600	0.853	193.8	667.5	0.685	0.7	602.9	796.7	"624.5;624.5;624.5;624.5;624.5;624.5;624.5;624.5;624.5;624.5;624.5;624.5;646.0;646.0;646.0;646.0;624.5;646.0;646.0;646.0;646.0;646.0;646.0;646.0;646.0;646.0;646.0;646.0;646.0;646.0;646.0;646.0;646.0;646.0;646.0;646.0;646.0;646.0;646.0;646.0;646.0;646.0;646.0;646.0;646.0;646.0;646.0;646.0;646.0;646.0;646.0;646.0;646.0;646.0;646.0;646.0;646.0;646.0;646.0;646.0;646.0;646.0;646.0;646.0;646.0;646.0;646.0;646.0;646.0;646.0;646.0;646.0;646.0;646.0;646.0;646.0;667.5;667.5;667.5;667.5;667.5;667.5;667.5;667.5;667.5;667.5;667.5;667.5;667.5;667.5;667.5;667.5;667.5;667.5;667.5;667.5;667.5;667.5;667.5;667.5;667.5;667.5;667.5;667.5;667.5;667.5;667.5;667.5;667.5;667.5;667.5;667.5;667.5;667.5;667.5;667.5;667.5;667.5;667.5;667.5;689.1;689.1;689.1;689.1;689.1;689.1;710.6;710.6;710.6;710.6;732.1;732.1;753.7;753.7;753.7;775.2;796.7;818.3;818.3;839.8;861.3;882.9;882.9;925.9;969.0;1012.1;732.1;732.1"	1	NA	NA
2	"Spectrogram 1"	1	1.382	2.2	400	1600	0.819	193.8	689.1	1.823	0.7	646	839.8	"646.0;646.0;646.0;646.0;646.0;646.0;646.0;646.0;646.0;646.0;646.0;646.0;646.0;667.5;667.5;667.5;667.5;667.5;667.5;667.5;667.5;667.5;667.5;667.5;667.5;667.5;667.5;667.5;667.5;667.5;667.5;667.5;667.5;667.5;667.5;667.5;667.5;667.5;667.5;667.5;667.5;667.5;667.5;667.5;667.5;667.5;667.5;667.5;667.5;667.5;667.5;667.5;667.5;667.5;667.5;667.5;667.5;667.5;689.1;689.1;689.1;667.5;667.5;667.5;689.1;689.1;689.1;689.1;689.1;689.1;689.1;689.1;689.1;689.1;689.1;689.1;689.1;689.1;689.1;689.1;689.1;689.1;689.1;689.1;689.1;689.1;689.1;689.1;689.1;689.1;689.1;689.1;689.1;689.1;689.1;689.1;689.1;689.1;710.6;710.6;689.1;710.6;710.6;710.6;710.6;710.6;710.6;710.6;710.6;710.6;710.6;710.6;710.6;732.1;732.1;732.1;732.1;732.1;753.7;753.7;753.7;775.2;796.7;796.7;818.3;839.8;861.3;861.3;904.4;947.5;1012.1;1055.1;1141.3;732.1;775.2;775.2;753.7;796.7;732.1;732.1;732.1;839.8"	0.9645	NA	NA
3	"Spectrogram 1"	1	2.45	3.053	400	1600	0.604	258.4	710.6	2.792	0.5	646	904.4	"667.5;646.0;646.0;646.0;646.0;646.0;667.5;667.5;667.5;667.5;667.5;667.5;667.5;667.5;667.5;667.5;689.1;689.1;689.1;689.1;689.1;689.1;689.1;689.1;689.1;689.1;689.1;689.1;689.1;689.1;689.1;689.1;689.1;689.1;689.1;689.1;689.1;689.1;689.1;689.1;689.1;689.1;689.1;710.6;710.6;689.1;689.1;689.1;710.6;710.6;710.6;710.6;710.6;710.6;710.6;710.6;710.6;710.6;710.6;710.6;710.6;710.6;710.6;710.6;710.6;710.6;710.6;710.6;710.6;710.6;710.6;710.6;710.6;732.1;732.1;732.1;732.1;753.7;753.7;753.7;753.7;775.2;775.2;775.2;796.7;796.7;818.3;839.8;839.8;861.3;882.9;904.4;925.9;990.5;1055.1;1119.7;1184.3;1205.9;753.7;732.1;839.8;818.3;839.8"	1	NA	NA
4	"Spectrogram 1"	1	3.297	3.75	400	1600	0.453	279.9	732.1	3.535	0.3	667.5	947.5	"667.5;667.5;667.5;667.5;667.5;667.5;689.1;689.1;689.1;689.1;689.1;689.1;689.1;689.1;689.1;689.1;689.1;689.1;710.6;710.6;710.6;710.6;710.6;710.6;710.6;710.6;710.6;710.6;710.6;710.6;710.6;710.6;710.6;710.6;710.6;710.6;710.6;710.6;710.6;710.6;710.6;710.6;710.6;710.6;732.1;732.1;732.1;732.1;732.1;732.1;732.1;732.1;753.7;753.7;753.7;775.2;796.7;796.7;818.3;818.3;839.8;861.3;882.9;904.4;925.9;1012.1;1055.1;1184.3;1270.5;1313.5;1356.6;753.7;732.1;818.3;818.3;839.8;839.8;904.4"	1	NA	NA
5	"Spectrogram 1"	1	3.936	4.243	400	1600	0.308	473.7	753.7	4.11	0.2	667.5	1141.3	"689.1;667.5;667.5;667.5;689.1;667.5;689.1;689.1;689.1;689.1;689.1;689.1;710.6;710.6;710.6;710.6;710.6;710.6;710.6;710.6;732.1;732.1;732.1;732.1;732.1;732.1;753.7;753.7;753.7;753.7;753.7;753.7;775.2;775.2;796.7;796.7;796.7;818.3;839.8;839.8;861.3;882.9;904.4;925.9;947.5;1012.1;1076.7;1184.3;1292.0;1335.1;1378.1;1399.7;818.3;839.8"	1	NA	NA
6	"Spectrogram 1"	1	4.429	4.661	400	1600	0.232	538.3	796.7	4.563	0.2	689.1	1227.4	"667.5;667.5;667.5;667.5;689.1;689.1;689.1;710.6;710.6;710.6;710.6;732.1;732.1;732.1;732.1;732.1;753.7;753.7;753.7;775.2;775.2;775.2;796.7;796.7;818.3;839.8;839.8;861.3;861.3;882.9;904.4;947.5;990.5;1055.1;1184.3;1292.0;1356.6;1399.7;1421.2;818.3;818.3"	1	NA	NA
7	"Spectrogram 1"	1	4.83	5.027	400	1600	0.197	581.4	796.7	4.934	0.1	689.1	1270.5	"667.5;667.5;667.5;667.5;689.1;689.1;710.6;710.6;732.1;732.1;732.1;753.7;753.7;753.7;775.2;775.2;796.7;796.7;818.3;818.3;839.8;861.3;882.9;904.4;947.5;1012.1;1141.3;1184.3;1292.0;1378.1;1421.2;775.2;818.3;818.3"	0.9706	NA	NA
8	"Spectrogram 1"	1	5.166	5.3	400	1600	0.134	646	861.3	5.242	0.1	689.1	1335.1	"667.5;667.5;689.1;689.1;710.6;710.6;732.1;753.7;775.2;796.7;818.3;818.3;861.3;861.3;882.9;925.9;969.0;1055.1;1184.3;1270.5;1292.0;1421.2;1421.2"	1	NA	NA
9	"Spectrogram 1"	1	5.422	5.544	400	1600	0.122	753.7	904.4	5.48	0.1	667.5	1421.2	"667.5;667.5;667.5;689.1;710.6;732.1;753.7;775.2;818.3;861.3;882.9;925.9;990.5;1119.7;1205.9;1270.5;1292.0;1421.2;1464.3;1507.3;710.6;753.7"	0.9524	NA	NA
10	"Spectrogram 1"	1	5.642	5.73	400	1600	0.087	775.2	947.5	5.689	0.1	667.5	1442.7	"667.5;667.5;689.1;732.1;753.7;796.7;861.3;904.4;947.5;1141.3;1205.9;1270.5;1399.7;1442.7;1464.3;1485.8"	1	NA	NA
11	"Spectrogram 1"	1	5.828	5.904	400	1600	0.075	753.7	969	5.863	0.1	689.1	1442.7	"689.1;689.1;732.1;753.7;796.7;882.9;925.9;1055.1;1184.3;1248.9;1399.7;1421.2;1464.3;1464.3"	1	NA	NA
12	"Spectrogram 1"	1	5.991	6.072	400	1600	0.081	732.1	1012.1	6.031	0.1	689.1	1421.2	"667.5;667.5;710.6;732.1;775.2;861.3;904.4;1012.1;1162.8;1227.4;1292.0;1421.2;1421.2;1442.7;1421.2"	1	NA	NA
13	"Spectrogram 1"	1	6.153	6.223	400	1600	0.07	689.1	1012.1	6.182	0.1	710.6	1399.7	"689.1;710.6;753.7;818.3;882.9;925.9;1055.1;1184.3;1270.5;1378.1;1421.2;1421.2;1421.2"	1	NA	NA
14	"Spectrogram 1"	1	6.298	6.368	400	1600	0.07	667.5	1012.1	6.327	0.1	710.6	1378.1	"710.6;753.7;753.7;839.8;904.4;969.0;1119.7;1205.9;1292.0;1378.1;1399.7;1399.7;1378.1"	1	NA	NA
15	"Spectrogram 1"	1	6.438	6.496	400	1600	0.058	602.9	1033.6	6.473	0	710.6	1313.5	"667.5;710.6;753.7;775.2;882.9;947.5;1055.1;1184.3;1270.5;1313.5;1399.7"	1	NA	NA
16	"Spectrogram 1"	1	6.577	6.635	400	1600	0.058	602.9	1033.6	6.606	0	710.6	1313.5	"710.6;710.6;753.7;861.3;925.9;1033.6;1162.8;1248.9;1313.5;1356.6;1399.7"	1	NA	NA
17	"Spectrogram 1"	1	6.711	6.769	400	1600	0.058	602.9	1033.6	6.74	0	710.6	1313.5	"732.1;775.2;882.9;882.9;947.5;1055.1;1184.3;1248.9;1313.5;1335.1;1335.1"	1	NA	NA
18	"Spectrogram 1"	1	6.838	6.896	400	1600	0.058	581.4	1033.6	6.867	0	732.1	1313.5	"732.1;775.2;775.2;882.9;947.5;1033.6;1162.8;1270.5;1313.5;1335.1;1335.1"	1	NA	NA
19	"Spectrogram 1"	1	6.966	7.024	400	1600	0.058	602.9	1076.7	6.995	0	732.1	1335.1	"753.7;753.7;775.2;904.4;969.0;1098.2;1205.9;1292.0;1313.5;1335.1;1335.1"	1	NA	NA
20	"Spectrogram 1"	1	7.088	7.146	400	1600	0.058	602.9	1076.7	7.117	0	732.1	1335.1	"710.6;732.1;775.2;882.9;947.5;1055.1;1184.3;1292.0;1313.5;1335.1;1335.1"	1	NA	NA
21	"Spectrogram 1"	1	7.21	7.268	400	1600	0.058	624.5	1055.1	7.239	0	710.6	1335.1	"710.6;710.6;753.7;882.9;925.9;1055.1;1184.3;1270.5;1313.5;1335.1;1335.1"	1	NA	NA
22	"Spectrogram 1"	1	7.332	7.39	400	1600	0.058	602.9	1055.1	7.361	0	710.6	1313.5	"710.6;753.7;753.7;882.9;925.9;1055.1;1162.8;1248.9;1292.0;1313.5;1292.0"	1	NA	NA
23	"Spectrogram 1"	1	7.454	7.512	400	1600	0.058	581.4	1055.1	7.483	0	732.1	1313.5	"710.6;732.1;775.2;904.4;969.0;1119.7;1205.9;1292.0;1313.5;1292.0;1076.7"	1	NA	NA
24	"Spectrogram 1"	1	7.57	7.634	400	1600	0.064	581.4	1098.2	7.599	0	732.1	1313.5	"732.1;775.2;775.2;882.9;925.9;1055.1;1184.3;1248.9;1292.0;1292.0;1292.0;1292.0"	1	NA	NA
25	"Spectrogram 1"	1	7.692	7.744	400	1600	0.052	559.9	1098.2	7.715	0	753.7	1313.5	"732.1;775.2;882.9;947.5;1055.1;1205.9;1270.5;1292.0;1292.0;1292.0"	1	NA	NA
26	"Spectrogram 1"	1	7.808	7.866	400	1600	0.058	559.9	1098.2	7.831	0	753.7	1313.5	"775.2;882.9;882.9;969.0;1055.1;1184.3;1248.9;1292.0;1292.0;1292.0;1292.0"	1	NA	NA
27	"Spectrogram 1"	1	7.924	7.982	400	1600	0.058	538.3	1119.7	7.947	0	775.2	1313.5	"796.7;796.7;904.4;969.0;1076.7;1184.3;1270.5;1292.0;1292.0;1292.0;1033.6"	1	NA	NA
28	"Spectrogram 1"	1	8.034	8.092	400	1600	0.058	538.3	1098.2	8.063	0	753.7	1292	"753.7;753.7;839.8;925.9;990.5;1119.7;1205.9;1248.9;1292.0;1270.5;1292.0"	1	NA	NA
29	"Spectrogram 1"	1	8.144	8.202	400	1600	0.058	559.9	1119.7	8.173	0	753.7	1313.5	"753.7;753.7;925.9;1033.6;1033.6;1141.3;1227.4;1292.0;1292.0;1292.0;1270.5"	1	NA	NA
30	"Spectrogram 1"	1	8.255	8.313	400	1600	0.058	538.3	1141.3	8.284	0	775.2	1313.5	"753.7;753.7;818.3;904.4;1012.1;1076.7;1205.9;1270.5;1292.0;1292.0;1292.0"	1	NA	NA
31	"Spectrogram 1"	1	8.365	8.423	400	1600	0.058	559.9	1119.7	8.394	0	753.7	1313.5	"710.6;732.1;775.2;925.9;990.5;1141.3;1205.9;1270.5;1292.0;1270.5;1270.5"	1	NA	NA
32	"Spectrogram 1"	1	8.475	8.528	400	1600	0.052	516.8	1098.2	8.504	0	753.7	1270.5	"753.7;753.7;818.3;925.9;990.5;1098.2;1184.3;1227.4;1248.9;1205.9"	1	NA	NA
33	"Spectrogram 1"	1	8.586	8.632	400	1600	0.046	495.3	1098.2	8.615	0	753.7	1248.9	"732.1;753.7;861.3;925.9;1033.6;1141.3;1205.9;1248.9;1292.0"	1	NA	NA
34	"Spectrogram 1"	1	8.696	8.736	400	1600	0.041	452.2	1076.7	8.719	0	796.7	1248.9	"839.8;904.4;904.4;969.0;1119.7;1184.3;1205.9;1292.0"	1	NA	NA
35	"Spectrogram 1"	1	8.8	8.847	400	1600	0.046	473.7	1098.2	8.829	0	775.2	1248.9	"732.1;753.7;861.3;947.5;1012.1;1141.3;1184.3;1270.5;1292.0"	1	NA	NA
36	"Spectrogram 1"	1	8.911	8.957	400	1600	0.046	473.7	1098.2	8.934	0	775.2	1248.9	"775.2;925.9;969.0;969.0;1098.2;1162.8;1205.9;1248.9;1270.5"	1	NA	NA
37	"Spectrogram 1"	1	9.015	9.067	400	1600	0.052	473.7	1076.7	9.038	0	818.3	1292	"796.7;904.4;904.4;969.0;1055.1;1184.3;1248.9;1270.5;1270.5;1248.9"	1	NA	NA
38	"Spectrogram 1"	1	9.125	9.166	400	1600	0.041	473.7	1055.1	9.143	0	796.7	1270.5	"775.2;882.9;947.5;1055.1;1141.3;1227.4;1270.5;1292.0"	1	NA	NA
39	"Spectrogram 1"	1	9.236	9.276	400	1600	0.041	409.1	1119.7	9.253	0	904.4	1313.5	"1012.1;1076.7;1076.7;1141.3;1270.5;1292.0;1292.0;1270.5"	1	NA	NA
40	"Spectrogram 1"	1	9.34	9.369	400	1600	0.029	366.1	1119.7	9.352	0	904.4	1270.5	"925.9;1012.1;1098.2;1184.3;1205.9;1184.3"	1	NA	NA
41	"Spectrogram 1"	1	9.445	9.474	400	1600	0.029	366.1	1119.7	9.456	0	882.9	1248.9	"1012.1;1098.2;1184.3;1184.3"	1	NA	NA
42	"Spectrogram 1"	1	9.549	9.578	400	1600	0.029	366.1	1119.7	9.561	0	882.9	1248.9	"1012.1;1119.7;1119.7;1184.3;1205.9;1205.9"	1	NA	NA
43	"Spectrogram 1"	1	9.648	9.677	400	1600	0.029	344.5	1098.2	9.659	0	861.3	1205.9	"925.9;925.9;1076.7;1141.3;1162.8;1184.3"	1	NA	NA
44	"Spectrogram 1"	1	9.752	9.787	400	1600	0.035	323	1141.3	9.77	0	904.4	1227.4	"882.9;990.5;1098.2;1141.3;1184.3;1184.3;1184.3"	1	NA	NA
45	"Spectrogram 1"	1	9.851	9.886	400	1600	0.035	323	1098.2	9.863	0	904.4	1227.4	"904.4;1012.1;1098.2;1162.8;1205.9;1205.9"	1	NA	NA
46	"Spectrogram 1"	1	9.928	9.982	400	1600	0.054	387.6	1141.3	9.961	0	882.9	1270.5	"775.2;839.8;839.8;925.9;1012.1;1141.3;1205.9;1248.9;1270.5"	0.6111	NA	NA
47	"Spectrogram 1"	1	10.034	10.088	408.1	1562.8	0.054	323	1076.7	10.06	0	861.3	1184.3	"775.2;818.3;904.4;969.0;1076.7;1119.7;1162.8;1162.8;1162.8"	NA	NA	NA
48	"Spectrogram 1"	1	10.132	10.186	416.7	1536.7	0.054	344.5	1055.1	10.159	0	861.3	1205.9	"1141.3;818.3;882.9;947.5;1055.1;1119.7;1162.8;1184.3;947.5"	NA	NA	NA
49	"Spectrogram 1"	1	10.222	10.298	477.5	1536.7	0.076	344.5	1055.1	10.257	0.1	839.8	1184.3	"1162.8;1162.8;1119.7;839.8;925.9;1012.1;1098.2;1141.3;1162.8;1184.3;969.0;990.5;1012.1;904.4"	NA	NA	NA
50	"Spectrogram 1"	1	10.324	10.382	477.5	1406.5	0.058	279.9	1055.1	10.356	0	882.9	1162.8	"990.5;818.3;882.9;925.9;1012.1;1076.7;1119.7;1141.3;1119.7;1119.7"	NA	NA	NA
51	"Spectrogram 1"	1	10.416	10.476	460.2	1545.4	0.06	344.5	1141.3	10.455	0	904.4	1248.9	"1119.7;1119.7;839.8;990.5;990.5;1119.7;1162.8;1205.9;1205.9;1119.7"	NA	NA	NA
52	"Spectrogram 1"	1	10.53	10.572	400	1600	0.042	301.5	1119.7	10.548	0	904.4	1205.9	"904.4;1119.7;1119.7;1119.7;1141.3;1141.3;1119.7;1119.7"	0.6087	NA	NA
53	"Spectrogram 1"	1	10.61	10.664	416.7	1545.4	0.054	344.5	1076.7	10.646	0	839.8	1184.3	"1141.3;1119.7;1119.7;947.5;925.9;1055.1;1098.2;1119.7;1184.3;947.5"	NA	NA	NA
54	"Spectrogram 1"	1	10.728	10.751	400	1600	0.023	323	1012.1	10.733	0	839.8	1162.8	"990.5;990.5;1076.7;1119.7;1141.3"	1	NA	NA
55	"Spectrogram 1"	1	10.815	10.855	400	1600	0.041	473.7	1055.1	10.832	0	732.1	1205.9	"818.3;947.5;947.5;990.5;1141.3;1162.8;1184.3;1076.7"	1	NA	NA
56	"Spectrogram 1"	1	10.909	10.954	400	1600	0.045	301.5	1162.8	10.937	0	947.5	1248.9	"969.0;1098.2;1098.2;1141.3;1184.3;1205.9;1205.9"	0.641	NA	NA
57	"Spectrogram 1"	1	10.988	11.052	468.8	1588.8	0.063	366.1	1162.8	11.029	0	861.3	1227.4	"1119.7;1162.8;753.7;796.7;882.9;969.0;1119.7;1162.8;1205.9;1205.9;1119.7"	NA	NA	NA
58	"Spectrogram 1"	1	11.093	11.142	494.9	1536.7	0.049	301.5	1076.7	11.117	0	882.9	1184.3	"839.8;904.4;969.0;1076.7;1076.7;1119.7;1141.3;1162.8;1162.8"	NA	NA	NA
59	"Spectrogram 1"	1	11.204	11.233	400	1600	0.029	301.5	1076.7	11.215	0	861.3	1162.8	"1012.1;1012.1;1076.7;1119.7;1119.7;1098.2"	1	NA	NA
60	"Spectrogram 1"	1	11.291	11.331	400	1600	0.041	279.9	1012.1	11.308	0	839.8	1119.7	"882.9;969.0;1033.6;1033.6;1098.2;1098.2;1076.7;1098.2"	1	NA	NA
61	"Spectrogram 1"	1	11.389	11.418	400	1600	0.029	301.5	1012.1	11.401	0	839.8	1141.3	"947.5;947.5;1076.7;1098.2;1098.2;1055.1"	1	NA	NA
62	"Spectrogram 1"	1	11.482	11.511	400	1600	0.029	301.5	1055.1	11.494	0	861.3	1162.8	"925.9;925.9;1098.2;1098.2;1098.2;1055.1"	1	NA	NA
63	"Spectrogram 1"	1	11.581	11.604	400	1600	0.023	323	1012.1	11.587	0	818.3	1141.3	"1012.1;1055.1;1055.1;1119.7;1141.3"	1	NA	NA
64	"Spectrogram 1"	1	11.653	11.707	451.5	1571.5	0.054	366.1	1012.1	11.68	0	753.7	1119.7	"947.5;775.2;861.3;882.9;1055.1;1076.7;1098.2;1119.7;1033.6"	NA	NA	NA
65	"Spectrogram 1"	1	11.745	11.794	451.5	1476	0.049	602.9	925.9	11.767	0	538.3	1141.3	"1012.1;1055.1;861.3;904.4;925.9;1033.6;1033.6;1055.1"	NA	NA	NA
66	"Spectrogram 1"	1	11.839	11.883	399.4	1423.9	0.043	495.3	969	11.865	0	624.5	1119.7	"775.2;775.2;818.3;904.4;1033.6;1076.7;1098.2"	NA	NA	NA
67	"Spectrogram 1"	1	11.937	11.988	486.2	1476	0.051	452.2	1055.1	11.958	0	689.1	1141.3	"861.3;1055.1;1055.1;1076.7;1076.7;1055.1;1076.7;990.5;1012.1"	NA	NA	NA
68	"Spectrogram 1"	1	12.04	12.063	400	1600	0.023	409.1	1055.1	12.051	0	753.7	1162.8	"1033.6;1033.6;1076.7;1119.7;1141.3"	1	NA	NA
69	"Spectrogram 1"	1	12.127	12.15	400	1600	0.023	366.1	947.5	12.138	0	732.1	1098.2	"861.3;947.5;1012.1;1012.1;1076.7"	1	NA	NA
70	"Spectrogram 1"	1	12.204	12.262	520.9	1562.8	0.058	387.6	947.5	12.231	0	710.6	1098.2	"732.1;753.7;882.9;925.9;1012.1;1012.1;1033.6;1033.6;1055.1;538.3"	NA	NA	NA
71	"Spectrogram 1"	1	12.296	12.34	520.9	1493.3	0.043	366.1	925.9	12.324	0	710.6	1076.7	"753.7;775.2;925.9;947.5;947.5;1012.1;1055.1"	NA	NA	NA
72	"Spectrogram 1"	1	12.398	12.439	538.3	1458.6	0.042	236.9	969	12.417	0	818.3	1055.1	"969.0;904.4;947.5;947.5;990.5;990.5;947.5"	NA	NA	NA
73	"Spectrogram 1"	1	12.492	12.528	486.2	1406.5	0.036	387.6	969	12.51	0	667.5	1055.1	"839.8;882.9;969.0;969.0;990.5;1033.6;969.0"	NA	NA	NA
74	"Spectrogram 1"	1	12.575	12.626	512.2	1423.9	0.051	430.7	925.9	12.603	0	646	1076.7	"624.5;602.9;839.8;882.9;925.9;969.0;969.0;925.9"	NA	NA	NA
75	"Spectrogram 1"	1	12.669	12.709	468.8	1163.4	0.04	366.1	904.4	12.695	0	646	1012.1	"753.7;818.3;818.3;882.9;925.9;969.0;947.5"	NA	NA	NA
