"Selection"	"View"	"Channel"	"Begin.Time..s."	"End.Time..s."	"Low.Freq..Hz."	"High.Freq..Hz."	"Delta.Time..s."	"BW.90...Hz."	"Center.Freq..Hz."	"Center.Time..s."	"Dur.90...s."	"Freq.5...Hz."	"Freq.95...Hz."	"Peak.Freq.Contour..Hz."	"Occupancy"	"Frame.Duration"	"Reason"
1	"Spectrogram 1"	1	0.337	1.213	400	1600	0.877	215.3	646	0.842	0.8	602.9	818.3	"624.5;624.5;624.5;624.5;624.5;624.5;624.5;646.0;646.0;646.0;646.0;646.0;646.0;646.0;646.0;646.0;646.0;646.0;646.0;646.0;646.0;646.0;646.0;646.0;646.0;646.0;646.0;646.0;646.0;646.0;646.0;646.0;646.0;646.0;646.0;646.0;646.0;646.0;646.0;646.0;646.0;646.0;646.0;646.0;646.0;646.0;646.0;646.0;646.0;646.0;646.0;646.0;646.0;646.0;646.0;646.0;646.0;646.0;646.0;646.0;646.0;646.0;646.0;646.0;646.0;646.0;646.0;646.0;646.0;646.0;646.0;646.0;646.0;646.0;646.0;646.0;646.0;646.0;646.0;646.0;646.0;646.0;646.0;646.0;646.0;646.0;646.0;646.0;646.0;646.0;646.0;646.0;646.0;646.0;646.0;646.0;646.0;646.0;646.0;646.0;646.0;646.0;646.0;646.0;646.0;646.0;646.0;646.0;646.0;667.5;667.5;667.5;667.5;667.5;667.5;667.5;667.5;667.5;667.5;667.5;667.5;667.5;667.5;667.5;667.5;667.5;667.5;667.5;667.5;667.5;689.1;689.1;689.1;689.1;689.1;689.1;689.1;710.6;732.1;732.1;753.7;753.7;796.7;818.3;839.8;861.3;882.9;904.4;947.5;1012.1;1055.1;1055.1"	0.9603	NA	NA
2	"Spectrogram 1"	1	1.509	2.252	400	1600	0.743	236.9	689.1	1.933	0.6	646	882.9	"646.0;646.0;646.0;646.0;646.0;646.0;646.0;646.0;646.0;646.0;646.0;646.0;667.5;667.5;667.5;667.5;667.5;667.5;667.5;667.5;667.5;667.5;667.5;667.5;667.5;667.5;667.5;667.5;667.5;667.5;667.5;667.5;667.5;667.5;667.5;667.5;667.5;667.5;667.5;689.1;689.1;667.5;667.5;667.5;667.5;667.5;667.5;667.5;667.5;667.5;667.5;689.1;689.1;667.5;667.5;667.5;667.5;667.5;667.5;667.5;689.1;689.1;667.5;667.5;667.5;689.1;689.1;689.1;689.1;689.1;689.1;689.1;689.1;689.1;689.1;689.1;689.1;689.1;689.1;689.1;689.1;689.1;689.1;689.1;689.1;689.1;689.1;689.1;689.1;689.1;689.1;689.1;689.1;689.1;689.1;689.1;689.1;710.6;710.6;710.6;710.6;710.6;710.6;710.6;710.6;710.6;710.6;710.6;732.1;732.1;732.1;732.1;753.7;753.7;753.7;775.2;796.7;796.7;818.3;818.3;839.8;861.3;904.4;925.9;1033.6;1076.7;1141.3;689.1;689.1"	1	NA	NA
3	"Spectrogram 1"	1	2.554	3.106	400	1600	0.551	323	710.6	2.879	0.5	646	969	"646.0;667.5;667.5;646.0;667.5;667.5;667.5;667.5;667.5;667.5;667.5;689.1;689.1;667.5;689.1;689.1;689.1;689.1;689.1;689.1;689.1;689.1;689.1;689.1;689.1;689.1;689.1;689.1;689.1;689.1;689.1;689.1;689.1;689.1;689.1;689.1;689.1;689.1;689.1;689.1;689.1;689.1;689.1;689.1;689.1;710.6;710.6;710.6;689.1;710.6;710.6;710.6;710.6;710.6;710.6;710.6;710.6;710.6;710.6;710.6;710.6;710.6;710.6;710.6;710.6;710.6;710.6;710.6;710.6;710.6;710.6;732.1;732.1;732.1;732.1;732.1;753.7;753.7;775.2;775.2;775.2;796.7;796.7;818.3;839.8;839.8;861.3;904.4;925.9;1012.1;1076.7;1141.3;1162.8;1248.9;1184.3"	1	NA	NA
4	"Spectrogram 1"	1	3.378	3.82	400	1600	0.441	473.7	732.1	3.616	0.3	667.5	1141.3	"667.5;667.5;667.5;667.5;667.5;667.5;689.1;689.1;689.1;689.1;689.1;689.1;689.1;689.1;689.1;689.1;689.1;710.6;689.1;689.1;689.1;710.6;710.6;710.6;710.6;710.6;710.6;710.6;710.6;710.6;710.6;710.6;710.6;710.6;710.6;710.6;710.6;710.6;710.6;710.6;710.6;710.6;710.6;732.1;732.1;732.1;732.1;732.1;732.1;732.1;732.1;753.7;775.2;775.2;775.2;796.7;796.7;818.3;818.3;839.8;839.8;861.3;882.9;904.4;947.5;1055.1;1119.7;1184.3;1248.9;1270.5;1378.1;1378.1;796.7;775.2;732.1;689.1"	1	NA	NA
5	"Spectrogram 1"	1	4.046	4.342	400	1600	0.296	559.9	753.7	4.185	0.2	689.1	1248.9	"667.5;689.1;689.1;689.1;689.1;689.1;689.1;689.1;710.6;710.6;710.6;710.6;710.6;710.6;710.6;710.6;710.6;732.1;732.1;732.1;732.1;732.1;732.1;732.1;732.1;732.1;753.7;753.7;753.7;753.7;775.2;775.2;775.2;796.7;818.3;818.3;839.8;839.8;861.3;882.9;904.4;925.9;1033.6;1098.2;1162.8;1248.9;1292.0;1378.1;1378.1;775.2;775.2;1399.7"	1	NA	NA
6	"Spectrogram 1"	1	4.539	4.766	400	1600	0.226	624.5	796.7	4.673	0.2	689.1	1313.5	"689.1;689.1;689.1;689.1;710.6;710.6;710.6;710.6;710.6;732.1;732.1;732.1;732.1;732.1;732.1;753.7;753.7;753.7;775.2;775.2;775.2;796.7;796.7;818.3;818.3;818.3;839.8;861.3;882.9;904.4;947.5;1055.1;1119.7;1184.3;1270.5;1378.1;1399.7;1399.7;1421.2;796.7"	0.9487	NA	NA
7	"Spectrogram 1"	1	4.946	5.132	400	1600	0.186	732.1	861.3	5.05	0.2	689.1	1421.2	"689.1;689.1;689.1;710.6;710.6;710.6;710.6;732.1;732.1;732.1;753.7;753.7;775.2;775.2;796.7;818.3;818.3;839.8;839.8;861.3;904.4;925.9;1012.1;1098.2;1162.8;1248.9;1270.5;1399.7;1421.2;1464.3;1464.3;1442.7;1399.7"	1	NA	NA
8	"Spectrogram 1"	1	5.271	5.428	400	1600	0.157	775.2	882.9	5.358	0.1	689.1	1464.3	"667.5;667.5;689.1;689.1;710.6;732.1;732.1;753.7;753.7;775.2;796.7;818.3;818.3;839.8;861.3;904.4;925.9;1033.6;1098.2;1184.3;1248.9;1378.1;1421.2;1442.7;1485.8;1464.3;1464.3;775.2"	1	NA	NA
9	"Spectrogram 1"	1	5.538	5.666	400	1600	0.128	775.2	925.9	5.608	0.1	689.1	1464.3	"667.5;667.5;667.5;689.1;710.6;732.1;753.7;775.2;818.3;839.8;861.3;882.9;925.9;1055.1;1141.3;1205.9;1270.5;1399.7;1421.2;1464.3;1464.3;1464.3;1399.7"	1	NA	NA
10	"Spectrogram 1"	1	5.776	5.869	400	1600	0.093	753.7	925.9	5.822	0.1	689.1	1442.7	"689.1;689.1;710.6;732.1;775.2;796.7;839.8;882.9;904.4;1033.6;1119.7;1184.3;1270.5;1399.7;1421.2;1442.7"	1	NA	NA
11	"Spectrogram 1"	1	5.973	6.06	400	1600	0.087	732.1	947.5	6.014	0.1	689.1	1421.2	"689.1;689.1;732.1;753.7;796.7;861.3;882.9;1076.7;1119.7;1205.9;1270.5;1399.7;1421.2;1421.2;1399.7;1399.7"	1	NA	NA
12	"Spectrogram 1"	1	6.147	6.217	400	1600	0.07	667.5	1055.1	6.182	0.1	710.6	1378.1	"710.6;710.6;753.7;818.3;882.9;904.4;1076.7;1184.3;1248.9;1292.0;1421.2;1399.7;1399.7"	1	NA	NA
13	"Spectrogram 1"	1	6.298	6.356	400	1600	0.058	602.9	1012.1	6.333	0	710.6	1313.5	"710.6;710.6;839.8;839.8;882.9;925.9;1119.7;1184.3;1270.5;1378.1;1442.7"	1	NA	NA
14	"Spectrogram 1"	1	6.449	6.507	400	1600	0.058	581.4	1076.7	6.478	0	732.1	1313.5	"710.6;753.7;839.8;882.9;925.9;1098.2;1184.3;1270.5;1292.0;1162.8;1205.9"	1	NA	NA
15	"Spectrogram 1"	1	6.589	6.647	400	1600	0.058	581.4	1055.1	6.618	0	732.1	1313.5	"753.7;753.7;818.3;882.9;925.9;1076.7;1184.3;1270.5;1292.0;1184.3;1184.3"	1	NA	NA
16	"Spectrogram 1"	1	6.728	6.78	400	1600	0.052	602.9	1076.7	6.757	0	732.1	1335.1	"732.1;861.3;861.3;904.4;1098.2;1162.8;1227.4;1313.5;1356.6;1184.3"	1	NA	NA
17	"Spectrogram 1"	1	6.861	6.914	400	1600	0.052	581.4	1098.2	6.891	0	753.7	1335.1	"796.7;796.7;882.9;904.4;1076.7;1184.3;1248.9;1313.5;1335.1;1184.3"	1	NA	NA
18	"Spectrogram 1"	1	6.989	7.041	400	1600	0.052	581.4	1076.7	7.018	0	732.1	1313.5	"753.7;753.7;861.3;904.4;904.4;1141.3;1227.4;1292.0;1313.5;1184.3"	1	NA	NA
19	"Spectrogram 1"	1	7.117	7.169	400	1600	0.052	581.4	1076.7	7.146	0	753.7	1335.1	"775.2;775.2;861.3;904.4;904.4;1184.3;1270.5;1313.5;1356.6;1184.3"	1	NA	NA
20	"Spectrogram 1"	1	7.245	7.297	400	1600	0.052	538.3	1119.7	7.274	0	775.2	1313.5	"775.2;775.2;882.9;904.4;1076.7;1141.3;1227.4;1292.0;1313.5;1313.5"	1	NA	NA
21	"Spectrogram 1"	1	7.372	7.419	400	1600	0.046	559.9	1098.2	7.396	0	753.7	1313.5	"732.1;818.3;882.9;925.9;1098.2;1184.3;1292.0;1313.5;1184.3"	1	NA	NA
22	"Spectrogram 1"	1	7.5	7.546	400	1600	0.046	559.9	1119.7	7.523	0	753.7	1313.5	"753.7;839.8;882.9;904.4;1162.8;1227.4;1292.0;1270.5;1184.3"	1	NA	NA
23	"Spectrogram 1"	1	7.628	7.668	400	1600	0.041	473.7	1141.3	7.645	0	839.8	1313.5	"861.3;904.4;1055.1;1162.8;1248.9;1292.0;1270.5;1184.3"	1	NA	NA
24	"Spectrogram 1"	1	7.744	7.79	400	1600	0.046	516.8	1098.2	7.767	0	796.7	1313.5	"861.3;882.9;882.9;904.4;1141.3;1227.4;1292.0;1292.0;1184.3"	1	NA	NA
25	"Spectrogram 1"	1	7.866	7.918	400	1600	0.052	516.8	1141.3	7.889	0	796.7	1313.5	"732.1;861.3;904.4;904.4;1141.3;1205.9;1270.5;1292.0;1292.0;1270.5"	1	NA	NA
26	"Spectrogram 1"	1	7.988	8.028	400	1600	0.041	495.3	1098.2	8.011	0	796.7	1292	"882.9;882.9;904.4;1162.8;1162.8;1227.4;1292.0;1292.0"	1	NA	NA
27	"Spectrogram 1"	1	8.098	8.144	400	1600	0.046	559.9	1055.1	8.121	0	732.1	1292	"753.7;753.7;861.3;882.9;1098.2;1141.3;1184.3;1292.0"	1	NA	NA
28	"Spectrogram 1"	1	8.22	8.272	400	1600	0.052	516.8	1119.7	8.243	0	796.7	1313.5	"839.8;882.9;882.9;1033.6;1141.3;1227.4;1292.0;1292.0;1292.0"	1	NA	NA
29	"Spectrogram 1"	1	8.336	8.388	400	1600	0.052	516.8	1119.7	8.359	0	775.2	1292	"839.8;882.9;882.9;1119.7;1119.7;1184.3;1270.5;1292.0;1292.0;1292.0"	1	NA	NA
30	"Spectrogram 1"	1	8.446	8.504	400	1600	0.058	538.3	1141.3	8.475	0	775.2	1313.5	"753.7;753.7;861.3;904.4;1098.2;1162.8;1248.9;1292.0;1292.0;1292.0;1292.0"	1	NA	NA
31	"Spectrogram 1"	1	8.562	8.615	400	1600	0.052	516.8	1141.3	8.586	0	775.2	1292	"732.1;882.9;882.9;1012.1;1119.7;1184.3;1248.9;1292.0;1292.0;1292.0"	1	NA	NA
32	"Spectrogram 1"	1	8.673	8.725	400	1600	0.052	538.3	1141.3	8.702	0	753.7	1292	"710.6;753.7;861.3;904.4;1098.2;1162.8;1248.9;1292.0;1292.0;1292.0"	1	NA	NA
33	"Spectrogram 1"	1	8.783	8.835	400	1600	0.052	516.8	1162.8	8.812	0	775.2	1292	"796.7;861.3;904.4;904.4;1119.7;1184.3;1248.9;1292.0;1292.0;1292.0"	1	NA	NA
34	"Spectrogram 1"	1	8.893	8.94	400	1600	0.046	516.8	1141.3	8.922	0	775.2	1292	"775.2;775.2;882.9;904.4;1098.2;1162.8;1227.4;1270.5;1205.9"	1	NA	NA
35	"Spectrogram 1"	1	9.004	9.05	400	1600	0.046	495.3	1141.3	9.027	0	796.7	1292	"753.7;882.9;882.9;1141.3;1141.3;1205.9;1270.5;1292.0;1292.0"	1	NA	NA
36	"Spectrogram 1"	1	9.114	9.16	400	1600	0.046	452.2	1162.8	9.137	0	839.8	1292	"861.3;861.3;904.4;1076.7;1184.3;1227.4;1248.9;1205.9"	1	NA	NA
37	"Spectrogram 1"	1	9.224	9.265	400	1600	0.041	473.7	1162.8	9.242	0	839.8	1313.5	"904.4;1076.7;1162.8;1162.8;1184.3;1292.0;1292.0;1292.0"	1	NA	NA
38	"Spectrogram 1"	1	9.329	9.369	400	1600	0.041	430.7	1141.3	9.352	0	839.8	1270.5	"882.9;882.9;904.4;1098.2;1162.8;1248.9;1270.5;1270.5"	1	NA	NA
39	"Spectrogram 1"	1	9.433	9.474	400	1600	0.041	495.3	1119.7	9.456	0	775.2	1270.5	"839.8;839.8;882.9;1076.7;1141.3;1227.4;1248.9"	1	NA	NA
40	"Spectrogram 1"	1	9.543	9.584	400	1600	0.041	473.7	1119.7	9.567	0	796.7	1270.5	"925.9;925.9;1098.2;1098.2;1184.3;1227.4;1248.9;1270.5"	1	NA	NA
41	"Spectrogram 1"	1	9.648	9.689	400	1600	0.041	473.7	1076.7	9.671	0	775.2	1248.9	"861.3;904.4;904.4;1055.1;1162.8;1205.9;1248.9;1248.9"	1	NA	NA
42	"Spectrogram 1"	1	9.758	9.799	400	1600	0.041	452.2	1119.7	9.776	0	818.3	1270.5	"818.3;882.9;925.9;1119.7;1205.9;1227.4;1227.4;1055.1"	1	NA	NA
43	"Spectrogram 1"	1	9.863	9.897	400	1600	0.035	452.2	1098.2	9.88	0	818.3	1270.5	"882.9;882.9;1119.7;1119.7;1184.3;1248.9;1270.5"	1	NA	NA
44	"Spectrogram 1"	1	9.973	10.027	400	1600	0.054	387.6	1141.3	9.99	0	882.9	1270.5	"904.4;1012.1;1119.7;1205.9;1248.9;1248.9;1248.9;1248.9;1055.1;1076.7"	0.7559	NA	NA
45	"Spectrogram 1"	1	10.055	10.118	442.8	1571.5	0.063	452.2	1098.2	10.089	0	818.3	1270.5	"753.7;882.9;882.9;904.4;1055.1;1119.7;1227.4;1270.5;1270.5;1248.9"	NA	NA	NA
46	"Spectrogram 1"	1	10.159	10.216	416.7	1571.5	0.057	495.3	1076.7	10.188	0	753.7	1248.9	"732.1;732.1;732.1;861.3;990.5;1055.1;1162.8;1227.4;1227.4;1205.9"	NA	NA	NA
47	"Spectrogram 1"	1	10.256	10.322	408.1	1484.6	0.065	516.8	1119.7	10.292	0	753.7	1270.5	"796.7;796.7;753.7;796.7;904.4;1012.1;1119.7;1205.9;1227.4;1227.4;1227.4;1227.4"	NA	NA	NA
48	"Spectrogram 1"	1	10.354	10.428	486.2	1528.1	0.073	452.2	1119.7	10.397	0.1	818.3	1270.5	"1098.2;775.2;753.7;839.8;861.3;1012.1;1076.7;1184.3;1227.4;1227.4;1227.4;1248.9;1205.9"	NA	NA	NA
49	"Spectrogram 1"	1	10.461	10.52	503.6	1528.1	0.06	452.2	1098.2	10.495	0	796.7	1248.9	"775.2;796.7;861.3;861.3;925.9;1055.1;1141.3;1184.3;1227.4;1227.4;1248.9"	NA	NA	NA
50	"Spectrogram 1"	1	10.556	10.632	529.6	1502	0.076	430.7	1141.3	10.594	0.1	818.3	1248.9	"1227.4;775.2;839.8;839.8;904.4;1055.1;1119.7;1184.3;1227.4;1227.4;1248.9;1248.9;1205.9"	NA	NA	NA
51	"Spectrogram 1"	1	10.654	10.73	503.6	1415.2	0.076	409.1	1098.2	10.693	0	818.3	1227.4	"1098.2;775.2;839.8;839.8;947.5;1055.1;1119.7;1162.8;1205.9;1248.9;1162.8;1227.4;1205.9"	NA	NA	NA
52	"Spectrogram 1"	1	10.78	10.815	400	1600	0.035	366.1	1055.1	10.797	0	839.8	1205.9	"904.4;1055.1;1076.7;1076.7;1119.7;1119.7;1098.2"	1	NA	NA
53	"Spectrogram 1"	1	10.879	10.908	400	1600	0.029	279.9	1033.6	10.89	0	882.9	1162.8	"990.5;1055.1;1055.1;1119.7;1119.7;1098.2"	1	NA	NA
54	"Spectrogram 1"	1	10.977	11	400	1600	0.023	279.9	1076.7	10.983	0	904.4	1184.3	"1055.1;1119.7;1119.7"	1	NA	NA
55	"Spectrogram 1"	1	11.064	11.105	400	1600	0.041	387.6	990.5	11.076	0	775.2	1162.8	"882.9;904.4;904.4;1033.6;1098.2;1098.2;1098.2;1162.8"	1	NA	NA
56	"Spectrogram 1"	1	11.163	11.198	400	1600	0.035	409.1	1012.1	11.18	0	775.2	1184.3	"882.9;990.5;990.5;1033.6;1141.3;1076.7;1033.6"	1	NA	NA
57	"Spectrogram 1"	1	11.267	11.291	400	1600	0.023	344.5	1012.1	11.273	0	839.8	1184.3	"1012.1;1012.1;1033.6;1141.3;1141.3"	1	NA	NA
58	"Spectrogram 1"	1	11.36	11.389	400	1600	0.029	323	1055.1	11.372	0	882.9	1205.9	"969.0;969.0;1119.7;1162.8;1162.8;1012.1"	1	NA	NA
59	"Spectrogram 1"	1	11.453	11.476	400	1600	0.023	366.1	990.5	11.465	0	818.3	1184.3	"925.9;925.9;1012.1;1141.3;1141.3"	1	NA	NA
60	"Spectrogram 1"	1	11.546	11.581	400	1600	0.035	344.5	1012.1	11.564	0	818.3	1162.8	"925.9;990.5;990.5;1033.6;1141.3;1141.3;1119.7"	1	NA	NA
61	"Spectrogram 1"	1	11.645	11.674	400	1600	0.029	344.5	1076.7	11.656	0	818.3	1162.8	"990.5;1076.7;1076.7;1141.3;1141.3;1119.7"	1	NA	NA
62	"Spectrogram 1"	1	11.743	11.767	400	1600	0.023	301.5	1076.7	11.749	0	882.9	1184.3	"1098.2;1098.2;1141.3;1141.3;1119.7"	1	NA	NA
63	"Spectrogram 1"	1	11.831	11.854	400	1600	0.023	301.5	1033.6	11.842	0	861.3	1162.8	"990.5;1033.6;1033.6"	1	NA	NA
64	"Spectrogram 1"	1	11.899	11.978	538.3	1545.4	0.079	452.2	1033.6	11.935	0.1	732.1	1184.3	"1098.2;1098.2;1098.2;1119.7;904.4;990.5;1012.1;1012.1;1012.1;1012.1;1076.7;1098.2;1098.2;1098.2"	NA	NA	NA
65	"Spectrogram 1"	1	12.011	12.045	400	1600	0.035	366.1	990.5	12.028	0	775.2	1141.3	"839.8;839.8;947.5;990.5;1012.1;1012.1;904.4"	1	NA	NA
66	"Spectrogram 1"	1	12.103	12.138	400	1600	0.035	366.1	990.5	12.121	0	732.1	1098.2	"861.3;861.3;947.5;990.5;1033.6;904.4;1076.7"	1	NA	NA
67	"Spectrogram 1"	1	12.196	12.231	400	1600	0.035	430.7	990.5	12.214	0	710.6	1141.3	"882.9;969.0;969.0;1012.1;1033.6;1119.7;1119.7"	1	NA	NA
68	"Spectrogram 1"	1	12.261	12.321	494.9	1415.2	0.06	473.7	969	12.301	0.1	646	1119.7	"1076.7;667.5;732.1;753.7;753.7;947.5;947.5;1012.1;1033.6;1033.6"	NA	NA	NA
69	"Spectrogram 1"	1	12.359	12.438	529.6	1458.6	0.079	538.3	969	12.394	0.1	602.9	1141.3	"1098.2;1076.7;818.3;882.9;925.9;925.9;990.5;1055.1;1076.7;1055.1;1033.6;1012.1;1012.1"	NA	NA	NA
70	"Spectrogram 1"	1	12.473	12.509	590.4	1476	0.035	387.6	1012.1	12.492	0	732.1	1119.7	"818.3;990.5;1033.6;1033.6;1076.7;1055.1"	NA	NA	NA
71	"Spectrogram 1"	1	12.56	12.596	520.9	1449.9	0.035	452.2	969	12.579	0	667.5	1119.7	"839.8;882.9;969.0;969.0;1012.1;1012.1"	NA	NA	NA
72	"Spectrogram 1"	1	12.661	12.684	400	1600	0.023	516.8	947.5	12.672	0	581.4	1098.2	"775.2;990.5;990.5;969.0;925.9"	1	NA	NA
73	"Spectrogram 1"	1	12.754	12.777	400	1600	0.023	624.5	947.5	12.765	0	516.8	1141.3	"882.9;882.9;1076.7;1076.7;1098.2"	1	NA	NA
74	"Spectrogram 1"	1	12.832	12.892	581.7	1458.6	0.06	323	925.9	12.858	0	775.2	1098.2	"1033.6;1076.7;796.7;904.4;904.4;1033.6;1033.6;1033.6;969.0;1012.1"	NA	NA	NA
75	"Spectrogram 1"	1	12.922	12.979	564.3	1415.2	0.057	409.1	990.5	12.951	0	710.6	1119.7	"753.7;753.7;861.3;990.5;1012.1;1033.6;1012.1;947.5;667.5"	NA	NA	NA
