"Selection"	"View"	"Channel"	"Begin.Time..s."	"End.Time..s."	"Low.Freq..Hz."	"High.Freq..Hz."	"Delta.Time..s."	"BW.90...Hz."	"Center.Freq..Hz."	"Center.Time..s."	"Dur.90...s."	"Freq.5...Hz."	"Freq.95...Hz."	"Peak.Freq.Contour..Hz."	"Occupancy"	"Frame.Duration"	"Reason"
1	"Spectrogram 1"	1	0.279	0.981	400	1300	0.702	107.7	667.5	0.656	0.6	624.5	732.1	"646.0;646.0;646.0;646.0;646.0;646.0;667.5;667.5;667.5;667.5;667.5;667.5;667.5;667.5;667.5;667.5;667.5;667.5;667.5;667.5;667.5;667.5;667.5;667.5;667.5;667.5;667.5;667.5;667.5;667.5;667.5;667.5;667.5;667.5;667.5;667.5;667.5;667.5;667.5;667.5;667.5;667.5;667.5;667.5;667.5;667.5;667.5;667.5;667.5;667.5;667.5;667.5;667.5;667.5;667.5;667.5;667.5;667.5;667.5;667.5;667.5;667.5;667.5;667.5;667.5;667.5;667.5;667.5;667.5;667.5;667.5;667.5;667.5;667.5;667.5;667.5;667.5;667.5;667.5;667.5;667.5;667.5;689.1;689.1;689.1;689.1;689.1;689.1;689.1;689.1;689.1;689.1;689.1;689.1;689.1;689.1;689.1;689.1;689.1;689.1;689.1;689.1;689.1;689.1;689.1;710.6;710.6;710.6;710.6;732.1;753.7;775.2;818.3;839.8;904.4;947.5;969.0;1012.1;1055.1;1055.1"	1	NA	NA
2	"Spectrogram 1"	1	1.225	1.956	400	1300	0.731	107.7	689.1	1.591	0.6	646	753.7	"624.5;646.0;646.0;646.0;646.0;667.5;667.5;667.5;667.5;667.5;667.5;667.5;667.5;667.5;667.5;667.5;667.5;667.5;667.5;667.5;667.5;667.5;667.5;667.5;667.5;667.5;667.5;667.5;667.5;667.5;667.5;667.5;667.5;667.5;667.5;667.5;667.5;667.5;667.5;667.5;667.5;667.5;667.5;667.5;667.5;667.5;667.5;667.5;667.5;667.5;667.5;667.5;667.5;667.5;667.5;667.5;667.5;667.5;667.5;667.5;667.5;667.5;667.5;667.5;667.5;667.5;667.5;667.5;667.5;689.1;689.1;689.1;689.1;689.1;689.1;689.1;689.1;689.1;689.1;689.1;689.1;689.1;689.1;689.1;689.1;689.1;689.1;689.1;689.1;689.1;689.1;689.1;689.1;689.1;689.1;689.1;689.1;689.1;689.1;689.1;689.1;689.1;689.1;689.1;710.6;710.6;710.6;710.6;710.6;710.6;710.6;732.1;732.1;732.1;753.7;775.2;796.7;818.3;839.8;882.9;925.9;947.5;990.5;1012.1;1055.1;1076.7;710.6"	1	NA	NA
3	"Spectrogram 1"	1	2.188	2.792	400	1300	0.604	150.7	689.1	2.502	0.5	646	796.7	"667.5;667.5;667.5;667.5;667.5;667.5;667.5;689.1;689.1;689.1;689.1;689.1;689.1;689.1;689.1;689.1;689.1;689.1;689.1;689.1;689.1;689.1;689.1;689.1;689.1;689.1;689.1;689.1;689.1;689.1;689.1;689.1;689.1;689.1;689.1;689.1;689.1;689.1;689.1;689.1;689.1;689.1;689.1;689.1;689.1;689.1;689.1;689.1;689.1;689.1;689.1;689.1;689.1;689.1;689.1;689.1;689.1;689.1;689.1;689.1;689.1;689.1;689.1;689.1;689.1;689.1;689.1;689.1;689.1;689.1;689.1;689.1;689.1;689.1;710.6;710.6;710.6;710.6;710.6;710.6;710.6;732.1;732.1;732.1;753.7;753.7;775.2;796.7;818.3;839.8;861.3;904.4;947.5;947.5;990.5;1033.6;1055.1;1098.2;1119.7;1141.3;1141.3;796.7;775.2;947.5"	0.9904	NA	NA
4	"Spectrogram 1"	1	2.99	3.408	400	1300	0.418	301.5	710.6	3.181	0.3	667.5	969	"667.5;689.1;689.1;689.1;689.1;689.1;689.1;689.1;689.1;689.1;689.1;689.1;689.1;689.1;689.1;689.1;689.1;689.1;689.1;689.1;689.1;689.1;689.1;689.1;689.1;689.1;689.1;689.1;689.1;689.1;689.1;689.1;689.1;689.1;689.1;689.1;689.1;689.1;689.1;710.6;710.6;710.6;710.6;710.6;710.6;710.6;710.6;710.6;710.6;710.6;732.1;732.1;732.1;732.1;753.7;753.7;775.2;818.3;839.8;882.9;925.9;969.0;1012.1;1055.1;1098.2;1119.7;1141.3;1141.3;1119.7;947.5;925.9;775.2"	0.9722	NA	NA
5	"Spectrogram 1"	1	3.57	3.843	400	1300	0.273	409.1	732.1	3.709	0.2	689.1	1098.2	"689.1;689.1;689.1;710.6;710.6;710.6;710.6;710.6;710.6;710.6;710.6;710.6;710.6;710.6;710.6;710.6;710.6;710.6;732.1;732.1;732.1;732.1;732.1;732.1;732.1;732.1;732.1;732.1;753.7;775.2;796.7;818.3;839.8;882.9;925.9;969.0;1012.1;1055.1;1119.7;1162.8;1184.3;1205.9;1184.3;732.1;775.2;775.2;775.2"	0.9787	NA	NA
6	"Spectrogram 1"	1	3.971	4.191	400	1300	0.221	473.7	775.2	4.052	0.1	689.1	1162.8	"710.6;710.6;710.6;710.6;732.1;732.1;732.1;732.1;732.1;732.1;732.1;753.7;753.7;753.7;775.2;775.2;796.7;818.3;839.8;882.9;925.9;947.5;990.5;1033.6;1098.2;1141.3;1162.8;1205.9;1205.9;1184.3;775.2;775.2;753.7;753.7;753.7;1012.1;1012.1;753.7;753.7"	0.9474	NA	NA
7	"Spectrogram 1"	1	4.261	4.429	400	1300	0.168	473.7	904.4	4.348	0.1	710.6	1184.3	"667.5;689.1;710.6;732.1;732.1;732.1;753.7;753.7;753.7;775.2;796.7;818.3;818.3;861.3;904.4;947.5;990.5;1033.6;1076.7;1141.3;1184.3;1205.9;1205.9;1162.8;839.8;796.7;753.7;753.7;753.7;882.9"	0.931	NA	NA
8	"Spectrogram 1"	1	4.505	4.615	400	1300	0.11	452.2	990.5	4.563	0.1	732.1	1184.3	"732.1;732.1;753.7;753.7;775.2;796.7;839.8;882.9;925.9;969.0;1012.1;1076.7;1119.7;1162.8;1205.9;1205.9;1184.3;969.0;861.3"	0.9474	NA	NA
9	"Spectrogram 1"	1	4.696	4.772	400	1300	0.075	430.7	1033.6	4.743	0.1	753.7	1184.3	"753.7;753.7;775.2;796.7;839.8;882.9;947.5;969.0;1033.6;1076.7;1141.3;1184.3;1205.9;1184.3"	1	NA	NA
10	"Spectrogram 1"	1	4.859	4.952	400	1300	0.093	430.7	1033.6	4.899	0.1	753.7	1184.3	"753.7;753.7;775.2;818.3;861.3;925.9;969.0;1033.6;1076.7;1141.3;1162.8;1141.3;1055.1;1033.6;969.0;1055.1;839.8"	0.8125	NA	NA
11	"Spectrogram 1"	1	5.01	5.074	400	1300	0.064	409.1	1033.6	5.045	0	753.7	1162.8	"732.1;753.7;796.7;839.8;925.9;969.0;1012.1;1076.7;1119.7;1162.8;1141.3;1033.6"	1	NA	NA
12	"Spectrogram 1"	1	5.155	5.207	400	1300	0.052	387.6	1055.1	5.184	0	796.7	1184.3	"753.7;818.3;839.8;947.5;990.5;1055.1;1119.7;1162.8;1205.9;1033.6"	1	NA	NA
13	"Spectrogram 1"	1	5.288	5.335	400	1300	0.046	344.5	1055.1	5.317	0	818.3	1162.8	"839.8;839.8;925.9;969.0;1012.1;1076.7;1119.7;1141.3;1119.7"	1	NA	NA
14	"Spectrogram 1"	1	5.416	5.468	400	1300	0.052	409.1	1033.6	5.445	0	775.2	1184.3	"796.7;796.7;839.8;947.5;990.5;1033.6;1098.2;1141.3;1205.9;1205.9"	1	NA	NA
15	"Spectrogram 1"	1	5.544	5.59	400	1300	0.046	323	1055.1	5.573	0	839.8	1162.8	"818.3;818.3;925.9;969.0;1012.1;1076.7;1119.7;1141.3;1119.7"	1	NA	NA
16	"Spectrogram 1"	1	5.671	5.712	400	1300	0.041	323	1055.1	5.695	0	861.3	1184.3	"818.3;904.4;947.5;1012.1;1076.7;1119.7;1141.3"	1	NA	NA
17	"Spectrogram 1"	1	5.793	5.834	400	1300	0.041	279.9	1076.7	5.811	0	925.9	1205.9	"947.5;947.5;1012.1;1076.7;1119.7;1162.8;1205.9;1205.9"	1	NA	NA
18	"Spectrogram 1"	1	5.909	5.95	400	1300	0.041	279.9	1055.1	5.933	0	904.4	1184.3	"818.3;904.4;969.0;1012.1;1076.7;1119.7;1141.3"	1	NA	NA
19	"Spectrogram 1"	1	6.026	6.072	400	1300	0.046	236.9	1076.7	6.049	0	925.9	1162.8	"796.7;904.4;969.0;1012.1;1076.7;1119.7;1141.3;1119.7;1119.7"	1	NA	NA
20	"Spectrogram 1"	1	6.142	6.182	400	1300	0.041	236.9	1076.7	6.165	0	925.9	1162.8	"925.9;969.0;969.0;1033.6;1098.2;1119.7;1119.7;1119.7"	1	NA	NA
21	"Spectrogram 1"	1	6.252	6.304	400	1300	0.052	258.4	1055.1	6.281	0	904.4	1162.8	"818.3;818.3;925.9;969.0;1033.6;1076.7;1119.7;1119.7;1119.7;1098.2"	1	NA	NA
22	"Spectrogram 1"	1	6.368	6.415	400	1300	0.046	258.4	1076.7	6.391	0	925.9	1184.3	"925.9;969.0;969.0;1033.6;1098.2;1119.7;1141.3;1119.7;1098.2"	1	NA	NA
23	"Spectrogram 1"	1	6.478	6.525	400	1300	0.046	258.4	1076.7	6.502	0	904.4	1162.8	"861.3;947.5;947.5;1012.1;1076.7;1119.7;1119.7;1119.7;1119.7"	1	NA	NA
24	"Spectrogram 1"	1	6.589	6.641	400	1300	0.052	258.4	1076.7	6.612	0	925.9	1184.3	"839.8;947.5;947.5;1012.1;1055.1;1119.7;1141.3;1141.3;1162.8;882.9"	1	NA	NA
25	"Spectrogram 1"	1	6.699	6.745	400	1300	0.046	236.9	1076.7	6.722	0	925.9	1162.8	"861.3;947.5;947.5;1012.1;1076.7;1119.7;1119.7;1119.7;990.5"	1	NA	NA
26	"Spectrogram 1"	1	6.809	6.856	400	1300	0.046	258.4	1076.7	6.832	0	904.4	1162.8	"861.3;969.0;969.0;1012.1;1076.7;1119.7;1119.7;1119.7;1012.1"	1	NA	NA
27	"Spectrogram 1"	1	6.92	6.96	400	1300	0.041	236.9	1076.7	6.943	0	925.9	1162.8	"947.5;990.5;990.5;1055.1;1098.2;1119.7;1119.7;1012.1"	1	NA	NA
28	"Spectrogram 1"	1	7.024	7.065	400	1300	0.041	236.9	1076.7	7.047	0	925.9	1162.8	"839.8;925.9;969.0;1033.6;1076.7;1119.7;1119.7;1119.7"	1	NA	NA
29	"Spectrogram 1"	1	7.129	7.175	400	1300	0.046	301.5	1055.1	7.152	0	861.3	1162.8	"839.8;947.5;947.5;990.5;1055.1;1098.2;1119.7;1055.1;1098.2"	1	NA	NA
30	"Spectrogram 1"	1	7.239	7.279	400	1300	0.041	215.3	1055.1	7.256	0	925.9	1141.3	"947.5;990.5;990.5;1055.1;1098.2;1119.7;1141.3;1098.2"	1	NA	NA
31	"Spectrogram 1"	1	7.337	7.378	400	1300	0.041	279.9	1055.1	7.361	0	861.3	1141.3	"839.8;839.8;947.5;990.5;1055.1;1098.2;1119.7;1055.1"	1	NA	NA
32	"Spectrogram 1"	1	7.442	7.494	400	1300	0.052	279.9	1055.1	7.465	0	861.3	1141.3	"818.3;947.5;947.5;1012.1;1055.1;1098.2;1141.3;1055.1;1076.7;990.5"	1	NA	NA
33	"Spectrogram 1"	1	7.546	7.587	400	1300	0.041	301.5	1033.6	7.564	0	839.8	1141.3	"882.9;882.9;969.0;1012.1;1076.7;1098.2;1076.7;990.5"	1	NA	NA
34	"Spectrogram 1"	1	7.651	7.692	400	1300	0.041	258.4	1033.6	7.668	0	882.9	1141.3	"925.9;969.0;969.0;1033.6;1076.7;1119.7;1119.7;1076.7"	1	NA	NA
35	"Spectrogram 1"	1	7.75	7.79	400	1300	0.041	301.5	1033.6	7.773	0	839.8	1141.3	"839.8;839.8;947.5;1012.1;1055.1;1098.2;1141.3;1098.2"	1	NA	NA
36	"Spectrogram 1"	1	7.848	7.889	400	1300	0.041	344.5	1033.6	7.872	0	796.7	1141.3	"732.1;775.2;925.9;990.5;1033.6;1098.2;1119.7;1141.3"	1	NA	NA
37	"Spectrogram 1"	1	7.947	7.996	400	1300	0.049	387.6	1033.6	7.97	0	753.7	1141.3	"775.2;775.2;969.0;969.0;1012.1;1076.7;1119.7;1141.3;1141.3"	0.832	NA	NA
38	"Spectrogram 1"	1	8.03	8.096	364.6	1328.4	0.066	323	1098.2	8.075	0	839.8	1162.8	"925.9;925.9;1012.1;796.7;904.4;990.5;1055.1;1098.2;1119.7;1119.7;1141.3"	NA	NA	NA
39	"Spectrogram 1"	1	8.125	8.201	356	1354.4	0.075	279.9	1055.1	8.173	0	861.3	1141.3	"1098.2;1141.3;1141.3;689.1;861.3;904.4;969.0;1033.6;1076.7;1098.2;1098.2;1098.2;1076.7"	NA	NA	NA
40	"Spectrogram 1"	1	8.217	8.293	338.6	1406.5	0.075	258.4	1076.7	8.272	0	904.4	1162.8	"990.5;1141.3;1184.3;925.9;925.9;839.8;925.9;969.0;1055.1;1098.2;1119.7;1119.7;1162.8"	NA	NA	NA
41	"Spectrogram 1"	1	8.329	8.404	356	1458.6	0.075	258.4	1033.6	8.365	0	861.3	1119.7	"990.5;1119.7;1098.2;1076.7;947.5;969.0;1012.1;1055.1;1076.7;969.0;1076.7;1098.2;1098.2"	NA	NA	NA
42	"Spectrogram 1"	1	8.427	8.506	399.4	1397.8	0.079	301.5	1012.1	8.464	0	818.3	1119.7	"904.4;904.4;861.3;839.8;839.8;947.5;990.5;1055.1;1076.7;990.5;969.0;925.9;1055.1;1033.6"	NA	NA	NA
43	"Spectrogram 1"	1	8.526	8.595	329.9	1389.1	0.069	323	1033.6	8.562	0	796.7	1119.7	"1055.1;925.9;861.3;861.3;969.0;990.5;1033.6;1076.7;1098.2;1076.7;947.5;925.9"	NA	NA	NA
44	"Spectrogram 1"	1	8.618	8.693	356	1337	0.075	323	990.5	8.661	0	775.2	1098.2	"925.9;904.4;904.4;882.9;882.9;969.0;990.5;1033.6;1055.1;1098.2;925.9;969.0;947.5"	NA	NA	NA
45	"Spectrogram 1"	1	8.731	8.777	400	1300	0.046	301.5	1012.1	8.754	0	796.7	1098.2	"904.4;904.4;904.4;969.0;1012.1;1033.6;1033.6;1033.6"	1	NA	NA
46	"Spectrogram 1"	1	8.835	8.876	400	1300	0.041	323	990.5	8.853	0	775.2	1098.2	"753.7;882.9;969.0;1012.1;1033.6;1098.2;1055.1"	1	NA	NA
47	"Spectrogram 1"	1	8.928	8.972	400	1300	0.044	258.4	990.5	8.951	0	818.3	1076.7	"882.9;861.3;947.5;990.5;1012.1;990.5;947.5;1012.1"	0.7727	NA	NA
48	"Spectrogram 1"	1	9.008	9.071	329.9	1206.8	0.062	366.1	947.5	9.027	0.1	710.6	1076.7	"904.4;904.4;925.9;925.9;947.5;796.7;947.5;969.0;969.0;990.5;1055.1"	NA	NA	NA
49	"Spectrogram 1"	1	9.107	9.156	356	1258.9	0.049	430.7	904.4	9.131	0	646	1076.7	"1012.1;1012.1;1012.1;882.9;861.3;839.8;925.9;1012.1;1012.1"	NA	NA	NA
50	"Spectrogram 1"	1	9.213	9.259	400	1300	0.046	301.5	796.7	9.224	0	667.5	969	"689.1;753.7;775.2;861.3;947.5;904.4;818.3;818.3;839.8"	1	NA	NA
51	"Spectrogram 1"	1	9.305	9.358	400	1300	0.052	323	861.3	9.329	0	667.5	990.5	"753.7;753.7;753.7;947.5;947.5;861.3;839.8;925.9;904.4;861.3"	1	NA	NA
52	"Spectrogram 1"	1	9.398	9.433	400	1300	0.035	323	775.2	9.41	0	602.9	925.9	"732.1;732.1;732.1;732.1;882.9;839.8;839.8"	0.6667	NA	NA
53	"Spectrogram 1"	1	9.477	9.54	364.6	1154.7	0.062	344.5	839.8	9.503	0.1	602.9	947.5	"904.4;904.4;861.3;861.3;861.3;818.3;818.3;839.8;861.3;839.8;861.3"	NA	NA	NA
54	"Spectrogram 1"	1	9.569	9.638	373.3	1163.4	0.069	301.5	818.3	9.601	0	624.5	925.9	"861.3;861.3;667.5;775.2;775.2;839.8;839.8;839.8;882.9;925.9;839.8;861.3"	NA	NA	NA
55	"Spectrogram 1"	1	9.668	9.746	364.6	1172.1	0.079	301.5	861.3	9.694	0.1	646	947.5	"624.5;667.5;839.8;839.8;861.3;861.3;882.9;882.9;882.9;882.9;796.7;818.3;861.3"	NA	NA	NA
56	"Spectrogram 1"	1	9.766	9.822	338.6	1067.9	0.056	279.9	839.8	9.787	0	624.5	904.4	"646.0;839.8;839.8;839.8;861.3;861.3;861.3;882.9;839.8"	NA	NA	NA
57	"Spectrogram 1"	1	9.855	9.917	416.7	1163.4	0.062	279.9	818.3	9.88	0	624.5	904.4	"818.3;796.7;775.2;839.8;839.8;861.3;861.3;882.9;882.9;839.8;861.3"	NA	NA	NA
58	"Spectrogram 1"	1	9.937	10.002	400	1300	0.066	258.4	818.3	9.973	0	646	904.4	"839.8;839.8;796.7;602.9;667.5;775.2;839.8;839.8;861.3;861.3;818.3;818.3"	0.7222	NA	NA
59	"Spectrogram 1"	1	10.032	10.091	399.4	1007.1	0.059	215.3	753.7	10.066	0	624.5	839.8	"818.3;796.7;581.4;624.5;732.1;775.2;775.2;732.1;710.6;710.6"	NA	NA	NA
60	"Spectrogram 1"	1	10.13	10.199	373.3	1085.3	0.069	236.9	732.1	10.153	0	602.9	839.8	"753.7;839.8;689.1;732.1;753.7;753.7;732.1;753.7;753.7;796.7;775.2"	NA	NA	NA
61	"Spectrogram 1"	1	10.219	10.281	321.2	929	0.062	301.5	710.6	10.246	0	516.8	818.3	"775.2;775.2;559.9;646.0;710.6;732.1;710.6;710.6;710.6;710.6;710.6"	NA	NA	NA
62	"Spectrogram 1"	1	10.393	10.485	382	1007.1	0.092	409.1	667.5	10.437	0.1	452.2	861.3	"818.3;387.6;387.6;538.3;538.3;602.9;646.0;710.6;710.6;796.7;710.6;710.6;710.6;882.9;861.3;839.8"	NA	NA	NA
63	"Spectrogram 1"	1	10.498	10.554	408.1	937.7	0.056	279.9	689.1	10.53	0	538.3	818.3	"646.0;667.5;667.5;667.5;667.5;710.6;732.1;689.1;602.9;775.2"	NA	NA	NA
64	"Spectrogram 1"	1	10.59	10.659	356	1050.5	0.069	366.1	689.1	10.623	0	452.2	818.3	"710.6;732.1;581.4;581.4;624.5;667.5;732.1;732.1;710.6;732.1;732.1;732.1"	NA	NA	NA
65	"Spectrogram 1"	1	10.688	10.754	373.3	937.7	0.066	301.5	646	10.722	0	495.3	796.7	"495.3;646.0;646.0;602.9;624.5;646.0;646.0;624.5;581.4;624.5;495.3"	NA	NA	NA
